0111101110110001011011000101001110100011011101001111001101111100
1111110001011010110110011111111010000010100011101110001101000110
1100011110100011100000101110101001100110011011011110111010000011
0010110100011100111110101011111111010110111110011101101001111010
0111000011100010001010010111011101100111001000100001011000110101
1010111110000111101100011111000110100011100011001010100110011011
0001111110000111101111101010011010110101110111000101110010010001
1001111010110001000111110101111100111010111001000001111001010110
1100111010111111000110001101011010101100010100000110001001011111
0110111101101011011000101110101100001001000101110001110101110010
0000011010000011001010110100111111011101101010001010011011111101
1000100010110001101001000110010111011001110001100110111000010011
1011001000011001000000011101000101110001110101110101110010111110
1101100011101110000010000110110011010101010000101010000101111001
0011100001111000010110100101111100010010010001001101010101001110
0110111101011010001001011001100110010101100011011111011110111101
0001111111100111100011100111110011110111110000100010110010010111
1101011110000110101100100111100001000001101111000001100010001011
0011010100111001100110110111101011111010011111010010101110111001
1011011101010010110001000100111101011110100101000000101010111011
1011000100111000101001110001110101001100011001110011000101000110
1110010100101001000000000011010000111010001011110000011010110011
0101011101100110101011100011011011110010110010100000010101010100
0001001011010011111001010111000110010010011100011000000101110111
0001100100010100111101110101000110010110001110011000001001001100
1111011000101010001101000010110010000111100010010110000010001100
0010000011000011001000010101100111101010001111011001001111110100
1101010101010111111010101100101000111101010001100110110100100111
0011110000010101011011010111101110111011011001110101101010110011
0000110110100011110110000001001101101011100101101100110111101000
1000011000100011111011010110000101000110001110110001000011110001
0101010011010111100111101110100101111110001011011100000101011010
0001000101001011000100000101011100000111010110101111011000011101
1010000011101010011011010001001000110110001010010011110110001011
1101111001001111000111101000001110010001010101001001001110011010
1111000100000100010110000111010010100000011001001101100000000011
1010110100000000000000011111010100001010110001001110010100010010
1110101011100110101011111100011111010001011110000001101110100011
0001000111111010111100000101011110101110010010000110111110101010
0110111100001111101000100100110001001000110100100010011001001011
0111100000111110000111101111010110101010101001111100011000010000
1001101010000100111011010000000101010100010010110000010111010101
0111010110011001111010110010001010101010111010011110101110110010
1000001001011001000100000110001101001100110101110001101000110011
0110110011010001100110111100110001101000101010111110000110110110
1101100011101000110011010000000110110101010010011110111010100001
1000100111111101001100000110111111001010011010110010111000011111
1011011111100110110111001100101101011001001101011011111101000010
0000111000100101111011001010001011111110010001110110011000010010
1110000011001000111101101101001010111110101101011000001100011000
1100001111101100011001111100000101110110100010110110000011100010
0101010110011110010000011100101110000010111111110001000011111011
1111011100110001100010001011110000000001001000111110001011011110
1111011011111111100100110010110101111010110010001110110101101110
0000001001110110110100100011111110101011000010010000001100111000
0110110001111001001010001111110111111000110010000001010001011111
1011011001001101001110110101011111101110110110010110000000000000
1111110010000111110001001001100010101101101011100111000011000101
0000101001011010100101111011101000000000111100111001111001011110
1010010100001110010111100001100011011101000001001010011111001100
0010000110001011101001010110100110111011000001111011010010000100
1001000101011010011011111111110010011100101101010010100010011101
0110100011011110010101110111111110010010100001100000101110100110
1101010001011101110000000000000111011100001011110011111111111010
1010011000011000111010110010101101111010011010111110010000100000
1000111110001011111100011000010111110110111000101100000101011001
1011100110011100010110111000000000000010011010000010000111001110
1101000101100100011001010100000101010110100110010110001010001010
1110010001100111011011110011001001100011111010100101000110111101
0111111001111101111100000011110110000011101110101100010001000011
1011111111001100111000100000010011101110111001101000101000011111
0011111111001110000101110000000010100100001100010010001000111101
1011011110000010010111001110101011010111011001010101111011000111
1000110101011011011101011001010010010101111000011000101101001101
0110100101001100100100011010110110000111011110100100011100100001
1100111101110100110100011010100101000010011100101110010000011001
1100010101001011010101100101101011110100101101011000110001110001
0100100000000111101101000111001001100011010110111111000110110011
0010101000011010001111111000111100100001010100000000111101001100
0010010011010001100000111110011110101011100000010010001101000011
0001111000101111011011100001111111010101000010011010001011000110
0011111111001110100101100001110100000101010101101011101010111111
1111110011101110010011101000111011001011110110101000100011001001
1010000010111010110111101111000001101100111010010101000100110001
0110000001110111100111001001000101110110011011100001001101101100
1011100011000110010111001001000111010101100111010110110111101111
1101101010100010110011011001111101110101101010010100111010101110
0111101001000011011100111111101010110000010000000001101010111000
0100010011011111100001001010011101010010111100011011010100101101
1101110111001011111110101011000010000101101110011011100010010110
1011001000101110010011110011111101110110001011100001001000010011
1110000010010011011011001111001101100111100110100111100011001110
0101011110000000010011100001111100011110000111001100110100011000
1101111010111001101111010111010000011100101000111111110011000010
0010000100000110101001110000111110110011111001011001111000011100
1111011101110100100111100101001111001110110001110001111000010101
1110101101001011111010011011010011111100001100000001101101001000
0010111001110110000010101110101101011011010111011000111010111100
1100011111110010011100101110010001110000110011011001101110111010
1001001101100000110000101001011111001111001000011101001111100011
0101111110101111010100000010101110001000001111011001011011100111
0011111011111101111001100001000101100111100010100010100100000011
1010100110011011000001000100011100101010111110010101011110011011
0001110001100000100100011111111000011000000111000101110101010111
1001011010101010101101011100011100001010111000001010000010110111
0101011100101001101011001000100101000111001111101000000000100111
1100011010111010001111001110000111100000011111011010101101000101
1110110000100001001101010101110010100000011100011111011110110100
0110001101010100110111100101011111000000011110000100010100011100
0001110101111111000011111110010011011011000101111001000100010001
1111010101101011101100111011111010010001010100001111011010001001
0011010001000100001101000010001001110000001001001010100010110010
1011001100011011010100011001000001101100111111000111100110000100
0110001100111011101000110101101101001010110111011000101011011000
1111101010111111000011111100110110111111011000010101111001000110
0010011001110101011110010100000001011001001001110000100011000101
1111011101011010000110111100011111100000100110001010001000001010
1110011110000001100110000001100100111010111101010000110100101010
1100100010110100101110000000110101010011111110101011101100000010
1011000001010110011101111100101010010110111110110100011010100100
1000001000010110111111011001101010011001001110010110111010111101
1111011100111010101101001000000001101001001111001011001000011010
1000001101100111101110010001100011011110101010001011101100011110
1001100100110101000000100100001111101000100011110101100100110110
1000001101110011101000101110110011101000100111111100101010011100
1110011110001110000100000000101101110011000110111000000100010011
0001111110110111101100100100101011001100111111110101001011001010
1011100010100110010010000110010100001001110000001011100100101011
0001000001000000100011100111011111010010111110000111000010110000
0100111101010001101011110000111000110110000001101100010101111110
1100100100011101100110101001011001111111010001000110001110011011
1001011011000110000000111001001000001000010111010110001011000101
1111000011100010010101010001111011101100011110000100011000001000
1101011011101111100111110100011010010000111000110001000010111110
0101001101001000010101011001000111101101000001110010000000101001
0111001001000001111100101100000011010001110011110101011111101010
1111111110100011000101010111001011001100010000110100110011011111
1010001111100111001000100000110101110011111111001111000111101101
0111101011100100000011100111101101110111001010100100011110001001
0110111111100100110100001011111100101111100110000101011000001001
1101010001111111011111010110111101010001001000001100000111011101
0100000000101011010111010010101110100011110011011000100010001110
0111001010100111010110000111110000101001110100110010100010010001
1110011010011000000010100001000001010110100001111111000101110000
1001101111001100000101011110000110000011110011110000001000101011
1010110011100100100011001101110001010101101011001100011010111111
0111100110011110111111101010000010000110000111000100110111010001
0111110100100010111100101011000111100011100011001001000001010010
0110010000111101101010011111010101110010100011000010011010010000
1101001000011101000100111101111000111010000000001111010011101011
1001011101000110011010010101101101011000101100101010011101010001
0011110000001110001011111001100000001100101100100010101111011000
1011001111010100100011110100111000101010100110010100011110100111
0110110110110110110110001011101101010011011100000011010110010000
0110101110110111100001111011011001011001001101000100111110010011
1000001111011100011011011000000000110101110101000001100001101101
1001110001010110000010111010011011110000111111110001111101111110
1101100000000001000100111001110100101111110010111001101101010000
1001111100000101100011000000001100100001101101000010100010101100
1110001110010010000000010010000101010100000010111011011000111101
0110001001000000000111011001111010110011110111100011010111001010
1001111001000000100111100100111110101110011100001110110011010101
0010010110110110011010000010010101100100100011110111100000110100
1111111010101000111101010001011011011011000110111000101000011110
1111101101010011111100010001011000011001101011011011010011010000
1000010111000110011100111100000011110001111101010101111000000000
1011001100101001010111100001111111101000000000000101001000110100
1001001001001010101011010011110001010000100001010000110010001010
0001110000111110100110101000100000111111010100001100111011101011
0100011001011011100001101000011011101110110011100000110111111100
0000111010001000110110011000000000110011011100011011100011111100
1101110010101100101111011110111110011001100100010101011100011101
1110110000000111111110101000001001101101110011001010000111100111
0111000100001101100101101101101000011000011111000110000111000010
0000101101101101011000011000010001010001110000010010101110010001
0111111010000111110111001010000110010110101111111100010101000001
1111010110101110000000000001011101110000001101110100110101011011
0010111011110010101111000001111000100010101100100111000001011110
0011111001110110110111110101110000101110010001100101100100111101
0100101011101100010101110100010001001111001001010010111010011100
0100111010000000011010101000000001000000101111001001111011111110
1110100000100110010111011000000100001101110010110000110111001000
1001001110100100001101011010101100000111110010010011000100110011
1111000011011010110100100101000110110110011001010110000111110011
0110010101101010111110100000000001010000010000000101111001001100
0000000100110011101100100000110100110010100001100000100011110100
1000010001010111111000011111110100001000001100001011100100010001
0100101110001010100001101100111100101101010101011001001011110010
1111010010011101011111011011011101100001011000011110101100001110
1111100100100101001010101001101111100110010111100101001000100101
0111111010111000111000001100101011100110110010001111111110000111
1000011100111110000001001001100101101011111011011100111111111100
1001110110100001000000000100001110101111001100000011011011000101
0110101101101100110000100000100000101101011101001111001001101001
1010110010101100110100101001100110001100000100010011001100010000
0001001011011010000110001110110111010010100110000100010000110010
0101011110101001101000100000000010010110011001111111111000110111
1100110101011011010111011000101000011110111110010001111111010101
1111101111011110111010011011010110101011011110001110100001011110
1001001011101001010101001011100100010111111001101111111110111000
0001000011000010011000011100000010101110110101001111011001110011
1000111000110100000011100000011110000111100100001110001110111110
1010010001011000000010001001010111001111010101111111110111101010
0011001100001001111101110101010010101100110101011110000010101110
1000011101001110010001101111110010011011101010101001111100010100
0110000101011110011111000110111010110001100000100011001010100100
1111100100101101001011011000010111111101101101101111011001011100
1000110000101101100100000000010111001110011111010000111111100011
1101101000001100101010100111001111111011000011111010111111000101
0011111001111101101011010100010111100000011001000011001001000111
1011000101111000111100100000101001111000010010111101001101010101
0111010101011011000010110000101100001111110001101111001110000010
0111101011110100011110111011010110111011110000010100011110111010
0000101111010000101100100000000100111100110100100100010001000000
0110001000011111100111001001011000010100110101010000111011111010
1101001001110010110111010011111100000011000101110111001010000101
1101111101010100001100000001100010111011000100011010000110001000
0110001001010011101111101111001011001000101111001001010100111000
0011000111100110100101000101110010100000110100100000001110111010
1010010010110000111011111001010010001000011111010100000001010100
1010110101111001001101101101010101101001101001011100100001101100
1100010100111000001101100010000011101010110001111101000110010110
0001100000111010100001000100110101111101001000001100010111111100
0010110110001011100111110001111110111011110010101001100011001011
1100010010001101011110010000011010001101011100010100011111110011
1110101011100100100100000011010010001101011000111100100101101001
0110000010100011010101010001001000000111011010100100101100100110
0000100101110111000101111111001111011000111011001111110110101001
1101001111000000110111110110110110011111010111110011110110010010
1111100000101010001010101110010100010101100000001110011111001100
0111010001110011111011110111010001010011111010111001001011110001
1001010011000101100011011101010110001010110110010111100100111100
0100111001111101111111000100101001010011101101001010000111011010
0001111010110010001110000000101111001010011100100000000010001001
1111111111010010011101010001110010100111001111111111000100011010
1110001110110011110110101100000010011101000100101101000111011010
1100000000100110111011111100100011000011110011001111110000001111
1100111110011111110110001000110010101110000001010001010111101000
1010110110101110110001101101110100101100000100011110000110100000
0010110000111110110010011000110010111110111000011100100000010100
0110010111010011111010100011110000000111110100110011000111000101
1110101101010011100101110001001010010101001010001011010000001110
1101110100010111101011111010011101111000000010100111101010100110
1110101100000100001110000100110100001001110011001011110011001111
0111000110011100101011001110011100101001010010101010010010000011
1100101101100101110110111101011000001100010001001010010010111010
0101111101000101000111001111110000011110001000100010111000100101
1000100011110100110010100011001011011100101101000000100100100001
0010001011100000000110101110011110010011111001101110111100010100
0100111101110110001100111110101001010001000000110111100110100110
0010101101110101101001101111110001010001011001010001111101000010
0111111101111011101000000011111011010111101010110011001101100111
1111110110100010010000110101101011110110000011000010011100011100
1101100001001010011111100010001101010010000101110011110110001101
1111100100001100110110000110101110010110000001010110111000011110
0010010100101011001000000101010101100101101000011101110100100001
1110010010101101100000100101000111101011110101111001011001111111
1110000101111001011011000100011011010011101100101101110010001110
1111000111111010011011011110011001100101100011011000000000011101
0111111100010010000011100101111110110110011010100101101110101001
0010100001001001100101000000111011101001001011000011110110001111
0000111111000011100110111011011100100000001111101111111100011110
0001111001011110001011011101100101100011101100111101001100010011
0111000100110001111111100110110100110000011011010101001011110001
0101110111111011010010111100010101010001111110111100001101000010
1001001010001001001010001110010101111111101011010000110010111010
0010111110000010100110010101111100111101111001010000010001011001
0010010010000101110100110111001101101010111100101110100110101110
0001100110100111101000010101110001000101110110011001001001101110
0110100100101111011011010101000000011110101111100000101000110101
0110101011100010011010110101010001110100001001011011111000011011
1110001110100100110110001100001011011011110111111001000010001111
0010101101010010101000100101100100100001111011001101011000101101
0110100101100110010101010100010100011110111100011010010001101010
1001100101010001011101011111010110111100010101001100111011101101
1000110000111111110110011011001000111010100100001110101000110000
1001000100100100111010010111000001010110110010011001010010000101
1100001100010010010001001110010100000010011001101111110001010111
0100011110011100000100100101011111010011010010100111101010011110
0001000111101000110010111001110011011011000110011011001101100001
0110010010011011011100000110010100001111111110110011011010100101
0011010110111011000001101001111001111110111101110101110101011010
1111000100110110001011010011100101110000100010100011110000111100
0010100100101011101000111101010001101011001111011111101010100100
0111010000000111110100000111100111011010110000001011101101110011
1000111111001011000000110001101010101101111001010100010111011001
0111000111101001000010100000100100111111001011100101111100000100
1001110001000001010110011010111101010010101011111011100001100010
0101110001001111000011011000100000000011111101010001011111011010
0010001000000001111110101101001010111110111100100001100100000000
0101001100111001101101010101011100001001110001001001011001100101
0110100011110010011110110101010111101110001111110100001101011001
0001100111001010011001010000011101111110100001110001001110000010
0010101001011100011000101010111011110000100000110011000101110111
1001101000100001100100101100111001001100111111100000010011111110
1000010111011101001001100001110111000001111100110101110110101000
1001010100010010001000100010010011011100001100010010110000111101
0100100001001010111111010110000011000100011000010100111101110000
1111000100110110111111010111000011110110100000101111000010011100
1111100010001110000100111101100111010101011000001111111101000000
0110001010111100110111011110001110010000001110101011011010111010
0110100101000110100111100011000101011000110011110110101101011101
0111101111001011100000010100011000000110110011101110010011010111
0001100111011000100100000010010111101011011001100010111100011010
0101011001010101000010010100011101010111010110010100111011010001
0001101011101111011101000111001000110111101001100111101100110111
1111100110110010000011100100001110000101000100000111101111011010
0000100011110000101101101100110100000011100000100101111001011000
0111000011110110100111001110001100010101110000011000011110011011
1111010101010110100110001111001010101010010000110000011011010101
1100100101111111101111100111011101010000011100000011010001100111
0011111011011111101010001001010000001110111001110011100010110111
1100011100011111110001100111110000100111010001011101101101100010
1010011001111001001100100100110011111011101011011100001010100101
0010011011000001000110100000100000100000100101011011000101000101
1101100001000000111001000100101001110011101011111101111100011110
1011001000000110010000010100111101110111001100001100110011101111
1110001010100001111000000011100010011111110011101001110010010011
0001110011011100010110010101101010010110000101010000111011001100
1100100001100000001010110010110001001010101010110101111100011000
0010011111011000010011110111010001111100001010000110000101001101
1000011110111111100001110010100010111001100000110101010101000011
1011001101111011000100011110110001001100000001101101000111100110
0101010000000011100111000100001111010000001110111001101001011011
0101111000011101101100100110101111001100001100011111011001001100
0010110100010101110111010111000111101101111010011111010001011001
1110110101000111110110101011101010100100000110000111000001001010
0100111101101010101010010110110111011101100111000000010011100001
0001110100100100101100010001001111011100010001011000101111100010
1101100100110100101001111100000010111101111010011011000100001000
0101100000100111100100110010000101100100001111101000101010000010
0111001111010001110100111110010101000010101111011101110111000001
0100101010110100111000110110101001100010101111100101010110010011
1001111101100100101001010111011011101111100001000001100111001111
0101001101000000111010110011000101010000010111010001011101111001
0001111011010011111111101000010111001100001011011111010001010011
1110111101001011111110110011011110110001011010011100011101111110
0111010100010011000010111101111000011011011110111111000001101110
0011010111001101000011011001111110000111010100101101000010111001
1001100111100001110001100001101100100110011110111110001100101011
0100001000001000001100101001101101101000001010010110010110011010
0100110110111011101101101110101000010001111011101011010011010101
1011101000001100010100001011100001000010100001001101100111110101
0110011010101110000101001010110100100100101101101011111110011001
0110010000011111100110110111101010100010001010011001000010101111
0110001011000011001011001011011100110110100000000000101110110000
0010100111110010000000101110110101101111000111110111100010111100
0000110110001011001110110111100001111011000011100000110011010101
0001000110001000011001101111100001011010100000101000101100010000
1001101011000000110110111100100110010101111000001101011010111100
0110111101110000011001011011000100101110111111110101101001010100
0100100101011011000110110001000000110110110101001101010000011101
0110110010000001010000010110010001100101011011111011101010001111
1100101010000111011011011101000110110110111000010101011011101100
0110010110110000000111011100011101100111000111000010101100001100
1110111001100010010000100110010110101100101101010100000111111011
0010001000010000111100111010100110000110000100110011011101001111
0001101010001111011110010010001100001110010100111001100010110010
1010010101111111100100010100100111111001001011110010001101001001
0101001011010001110001100000011111111011100110100011010010100011
0010011001000110010010010100110101111110010110001101000111000001
0100010011001000001111001111001101100010001110010000000010001111
0011010100001111110110001111111001101010011111100010011011101100
0000011110011000010001010100110110010011100100100100100011101110
1110101011110011101011000001010000100001010101110010100101001000
1000010110100111101111000001100111011101101011011111011000011101
1111101101000110110110010010110010100101110100101010100011110110
0010001101111011000100001100000010111011001101100010101101000111
0001011100001011000001000111100011000111111011111000000010100101
0011010011011000001001001100100010000011111010100001110000100000
0001000110010010110111011100111011001100100101011111110100011110
0111101101111000011001111011100101101011111010011101100110101001
0000111011101011101100101110010011111000010110001000000110101000
0000000000001010100111101011000010100001011100011011100011101101
1010001011011010101010011111100100110101111000100011010000000010
0101001111111101100100111101011010110001110011101000000011100000
0101111101110101101110100000000100101000100010101110111000100001
1100001110110010000111110010101100111101010011011000110110110011
0000100000001110110011100101011001001110000010001001111000111011
1111011011101101111000110010111000011011010100111110001010011010
0010001001000010110110111010010010111100110110111111010101010100
0110010001110101101011100010001011011000000000110001110010000000
0010011100000011000010101101100001001000010100100101110110101001
0111000011110100100010011110111001101111111011011110010010011011
0110010100000100001101111001101010111001010110010001111101100010
1011100100111100100110100111110010100111010000001010101101001011
0010100010010110101010101001110100001110000011111111100010101001
1100110110101011011011001101111111100001101100000000101010110110
0010100010111011111001111101110111001010100000000011001001011101
1001000000100000111101000010000010100000000100000111111100111100
1110101000010111100001101001111110010111010011101100111011101101
1110000100111001011011101110010011101100011111001111011110100001
1010010000110011000001111010100101100110000001001001000000100010
0111100101001001111010011111011111011101111110101000001010000100
0110110001100110100000110111111010001100001000000010110100111101
1100100111001110110010011110001110100011100111111000001100001000
1100110101011100111101001100010010011011110111001011010100110000
0001111000111011110001000010011010110000110000000011101111111100
0000010000111111000001001001111100010110011010101100001000000100
0110001111000000010100010101101011011100101110001011000011100000
0010100110000001111100110000000110010001110011001000000110000010
0101101011100111001001011111100001110011010010100001000101100001
0101110010100101000111001111001100110110010110110010111010110001
1111100000010101110101100001110101111110100011101011100100010111
0011100101011110110111011000111100010010000011110101000101000110
0011110100010110010001110110010001000000101000100111010110101000
1100100100011110101010111010101001010100001010100110001010100101
1111110110110110010100011010100100101111001000000100111110000010
1010111100000011011000111011101010000111100100000001011010011000
0111001001000000001111001001110001000010110100000110111111111000
1011100010110111111101101100000011110000011100011010111010010011
1000110110111000111001101000000010000100000001001010111010100000
1101111101000101101011101110000001100101011010010001000011100100
1101100001001011100100101110110010110100101101001100100000000011
1101011010011001000010001010101010101111011101110011011011000010
1011100001011000010101111011001001010000001000000111101110110110
0101011101110110100100000010001001001111110111011110101101000101
0000100010010011111110000110001010010111000010010001111010011010
1011011111101111111000110001010011111110101010100111100010101100
1001101011110011000010100100111011101001100111110011011100100100
0011110111100110011011011110100010001100101111011110101100101111
0000010111011001011011100100111101011011111100001000100010100001
0101111101110000000100010010101000101010111000100011001101000110
1101001100111101010100000100111110100001101111110111010110001001
0100001100111110010101101000001111101101101100101000100100011111
1101101010110100100111110110111101101000001010101001011001100000
0000010001110000001011100011001011100001110101111100010100001000
0001010000101011101111010010101011001010011000001100101011101011
1101101100010110010000110000001100010110111110111011010011011111
0010010111000100101110111111001111111000100111110111000011000010
1100111101000011101000001110000111010010011000001110111110100011
1010110010111010001111000100110011011000110101000000001100001011
0001110000111011110100011000101110010001011110000010100001010000
0101100010110110111001001100001110110100100001111000001010110011
0101100001001001111110111110011000010110100101010101000001011101
1011000110101001110100001010010010101111111011111011101111000111
1010100001010011101111100000000010101111101101110100001111100011
1011010100100000001110010010001101100011110101010001011001101010
0011100001010101010011000010110100100100011110011010000011111110
1011000110100000000011100001000101100001001100000010011000110001
0100000000000110011110000111001101010000110100010000111100100011
0101010000010100101100011000010111110001001010111001100110001100
0001100101011101011011011100101011110101011101100011111010111111
1011001100010101101010111011101011011010001100111101100111010111
0001110111100110101100111000100011010101011100100011011001111001
0111100000111100001011011001011001100000010001001101101001100010
1101011010100000000000100001100101011011100101001011100011100110
0100101000110101111111000101010111010000001001100001010110000111
1100010110111101010101101101001011101011011001100101101000000010
0001000100010000011010010000001000001000000110001001100011111011
1100011011100110001001000010100011010011100100110001101001101101
0001111011010110101110110000101000100011111001000010101000111111
0110000101100001100001011000100001101010111111111101010011000101
1100001101111010000101111111011111101001000101101100100111010001
1001110000000001011101010010011001101000110101000011011010010101
0100011101110010100100100100000011011110111010000111011110001000
1011110110010111101100100100001001000011011100001110101000001010
0110100000111001011010011101001110101111111001001011011011101001
0000000001101010001001101001100011100101110011011000001110010101
1011111000001110101000011110001100100111101001101001001000000111
0101101001100101111101011100111001011101011111111011011100111000
0001000100001111000101010111011101110010010111000101100010011101
0111000000001011110110111110111111010110011111001001000001100100
0000001100101111110011000110110010011000001111101000100111001101
1011010111010111001111001110010011111100011101011011100010111001
1001111111001011001100100000010010001110010111001000111110110010
0111101100011100101010101011000011000001011100011001000010111000
1101011010111101010100101111000101011101101110110011010111101011
1100110000111011101010101011001110101101001000000011001100000001
1100010001011111100001001010111111000101110100101110101010011101
0011000111101110101000011010110010101100011011000111110010010010
0111011100100010101111100100011011101001100110101001101110010111
0101101011000110111110011101111010100011111110111100100101110110
0001110111110010101000110010000100111011010111011101111010110010
1101111100101000010000100011010010100111100100111000000000110000
1101010010011011101111100010011000000000010101100100111000111100
0001011100001010110111011111100001001000000001011000100110110001
1110110111010111101101100001011000000111010100101101001101001111
1011101100010010010111111011100101010111100000100001101010000100
0101111010001101111010110101010110001001001110111011101100010111
0010000011110000101101000111110010000001001100101011000001001100
1001100001100010011010110101100010000000010011001001000101110010
0000111000110011011001010111010100000101101101101000010010000000
1010010000001000111111110011111000001010111001010000000000000101
1000011111001111011110000000111000100101111111110100010100101010
0110001001010011000000110011001010010110011100011101111110001011
0110000101010100110001010110010001101101000110101101001011101111
1000111100000000001101011001111010101111010010111001010000000100
1110010000010101101000010101111100010011110001000001100110110000
1001010110111110000110101101101000001001111010100010010011111101
1100101011110100100000101011001010011011010001000100000101100110
1101111001100111000010100011111100101001110110110011001001100111
0001111111010011010100100111001101000010000100100011010011000110
1000011101111100110001010001111110001111110100011100111111011110
0111110011111000100101110111100110100000001000110001101010101011
0111100000000000100100000111100110101101101101101100001011110101
1111100010010110101010100111100001000000010111010111101101000101
0100101100100101000000111111010110100000101100110100111000011110
0101011010110001110001011111111100100110110111111010011011011111
1010111101011001001100010101111111000110110010010001101001011100
0010111011101010101011111001000011100110010101011101101011010111
0101001010010101010011100010011100110101010000111001000000101010
0000111111110011101101100000010101101000010011110011001001110000
1011000100011010101000001001111010010001100110001111010100011111
0110110010000010000010101000101010110011101100110100000011000100
1010001100010000000011000000111100100110110111101100011100100110
1010000111000011101101111101000000000001001111010100000111100111
1001100100000001101111100110000101011111000000101111100010010111
1111110100011010000101111100111110110011001000100011110110001010
1011110101110000100110000101011111011001100100111000010010101111
0010011111110100010001001111010010001110001011011111111111011110
0000101100101101101010000101100011111110111100011010101110100010
0110111011110000001110010110010011000001111011111101111110010011
1101101101010101101100110000100000010000100100000110000100111100
1101011010010010101100100011111101011100111100010000011100111011
1110100011101011101100001101101100011111100010110110011000101010
0101011101110000111111101101100011010011011010101110100010100000
1101100000110000101100000110010001000110101000110000111101101100
0000011110010101110100010111010100110000010001010110111011100000
1110010010000111101000010101011101110011000010110000111100101000
1011110010111101010111111001101101110010000010101000110100001011
1011001001011011011111101111001001101011001000110011000010100010
1000111011010000001100110111001011010111100011000000111101100111
0101111001000111100110100110001001001011110100001001100000010000
0011111010000000100001010110100000100101010010000000110110011100
0011101110000111000000001111100110101001011101111010100011011101
1001101110001001001111011110000111100111011011100011001110001100
0101100101101011100111100001001010101011111100001111100011101010
0100110101000010100011001000111100010100010001101100011101110001
1111110000011010001100110101001000011110110110111100110001001000
0001011000011010011101111010111001000100001011110001100000010100
1101111000011111110000110111011100110001001011101111110000010101
0001010011110000110111110110000011001111110101100001111010001110
0000110111010101101011110000011001111110000011000100010101001111
1100100101110010110101101110011111100111101100111101100101100011
0001011010010010010011110101110011010000100111101100110000111111
0010001100011011010011101101011010010010001000101010110100110101
0111010000101110111010000111100010011001110110010100111011111000
0001110010111101000100000001011000010111100000111000111101110101
1011110100000001100011000100010010010111010101110010110110111110
0110010011100111001101000101011011110011101010101111101111100110
0100101111110010001110000010101111101110011100011000101010101110
1001010001111111001010100010111101000001001010100111011111110100
1011100100001000110111000111010010111000000001011101111000100010
0011101001101110011000000011011011001101010110101000100101101100
0001100100011000011010110001011010111000101111010010101010000110
1111100111000110100110110110100001101101110100000111101011110111
1001000010110001111100011011100101111011000101100111011100100010
0000010100101101100101110100000011001010100110111111110111100111
0111100011011111110010100001010001110001011011011011111101111111
0000111100110001011101100010011001010001011001110100110010011011
1111010110011111100101110100101111011100101111101001100101011010
0100110001100001010001010101010000011011101000101010010100010100
0000001000001011001101101010111101100000001011100101110110110000
1111001101111011000010100101100101101011111001111110101011011001
1100100110010110111011101111100111110101010111110010000100100100
0110101000011100001001001111010000000010101101000100100110101101
1000001010110011101011110111000010000110000101110001110110100100
0101011010011100110011010010110000100000111110101100110101000110
0111101101101100100011111011001111111000011100001001100011010001
0100101100110100011000110101101000000100110011110011100011111110
0001100111111110111101010110010111010001111100100110111111001000
1011100110110100111011011101001110010001111011101010110000111000
1010011111011011001011111111110000000100111000111100011111111110
0100001011111100111001001101100101101111111001011000001001010100
0011010110001110010100000011010011110100111011001101001001001001
1010000000011000110101000100010010011011000111010011001110111011
1111000000100001000011101100100001000011110010010010100101111010
0000001010011101101101100000011000110011000001000011011001010111
1001110111001110111110100110100011101100110010111110010100001100
1111111000101100110011101110101011110001100010111111111001101010
0011010110010010000101100011011110110101010110011011001110010101
0111101110111111010011110111111000110001100000010110001100000100
0101110010100001100110010011100110101011101001000000001110000100
0010100000101000011000110001100001101101011111111010010010000100
1111001011101111100111010010111000101100110100100011001101100101
0101001110001000001101011011001010110001011011010100100110010011
0011100001010000001000111011110111010011101111011110011111011010
1111011010111001000100001010001101010110000101101000101010001000
0011001101100100111110110000110001010000100100100010011110011100
1111001110000100101011110001010010010010101111110101110110011101
1110001110101001010001010110010110001100100011000111111111011000
1110010111000100010111111010100010010011011110010101101001011110
1000000000010111110100100001110110110001001110011010111001100110
0110000100000011100001100101111011000101011111001010011011110101
1001011010100110100101011001011001100000001100000000001001010100
1010001101010001101011110011110100110101010100111010011110000100
0101100101011000010110011100101111101011100110110100110100101110
1110100111010110111100110111111100000011001000001110110010010111
0100111100001111110011100100111101011011101100010100100101111111
0101100001110100010100111100010101111011110010010001110010000111
1011101100110111000110110001010110001101110100001101010101011100
1100111011101000010100000010011111101111000111100010110101001101
0100000111000100101010010101000011000001001100011001110111111011
0000101110111101110111111110100010011110000000001011011011101110
1111000010001001111101110010010100011101110110010110010001101000
0010101011000100011101110101111100100011000010000101101010011001
1101000100100000110111110101110110011010001011000101111100000110
0110111111011011110111110001010100010100001100001100100100101001
0111010001001110001101011100001001111111100001111100100001010110
1011101111110000000100110100111101000001010010111001010011100110
0110111000010001010001111001001101000001110000100001100000100111
0100110100011010010111110100101110111011110001101011111010100001
